I_act =

   1.0e-05 *

    0.5992    0.4908    0.6078    0.6927    0.6377    0.6299


V_act =

    1.5538    1.5952    1.6342    1.9949    2.3165    2.6478

uf =

  629.6702  611.3691  593.5095  527.4875  461.0542  399.2358


sf =

    7.1507    8.8193    6.9178   12.6300    8.8989    5.7620